100
72
138
30
103
72
129
128
132
25
25
26
26
132
131
132
103
100
138
129
102
102
139
101
128
130
104
137
104
137
106
106
135
133
107
107
134
11
11
165
9
161
12
161
22
22
22
163
163
182
28
176
173
177
179
179
174
198
198
197
197
200
200
52
52
52
207
205
205
203
203
49
105
31
30
26
136
136
133
14
134
27
15
13
13
162
18
172
180
180
159
159
181
167
167
178
75
199
199
75
75
212
50
202
79
206
206
204
203
51
210
210
209
187
186
186
187
183
183
192
59
195
59
195
191
191
58
58
58
58
196
58
58
60
189
189
194
194
80
194
194
4
92
93
92
96
96
99
99
88
88
95
95
95
33
43
89
43
110
34
111
112
112
112
156
157
157
155
39
117
148
148
115
116
116
150
150
151
38
151
152
149
109
109
109
108
153
109
126
126
140
140
140
125
125
124
124
141
85
126
84
84
147
144
143
143
121
122
122
83
83
83
72
72
100
100
24
67
24
24
23
7
19
21
20
21
170
160
176
167
177
1
1
68
164
202
54
5
79
78
78
77
62
61
61
191
191
3
3
65
190
196
55
55
80
35
81
94
36
86
69
113
126
83
83
146
122
123
123
82
70
67
131
102
166
79
93
114
114
118
118
115
158
158
158
148
116
149
66
66
142
146
123
123
123
119
123
71
67
17
16
9
165
165
73
68
68
169
169
168
173
21
177
214
107
17
16
171
171
207
64
63
63
32
32
56
56
48
41
90
41
42
154
40
154
158
120
70
70
8
181
168
29
175
53
53
201
211
211
208
208
208
209
45
45
98
98
44
110
155
155
6
6
37
108
127
125
85
66
84
145
121
71
121
146
2
185
184
184
188
188
188
188
193
65
57
97
97
97
99
46
47
87
89
86
91
111
118
157
85
127
127
83
119
123
82
71
67
102
73
10
74
74
74
69
69
109
108
105
105
213
213
213
214
206
214
76
76
76
115
117
37
84
146
