103
73
143
31
106
73
133
132
136
26
26
27
27
136
135
136
106
103
143
133
105
105
144
104
132
134
107
142
107
142
109
109
140
137
110
110
138
11
11
171
9
167
12
167
23
23
23
169
169
188
29
182
179
183
185
185
180
204
204
203
203
206
206
53
53
53
213
211
211
209
209
50
108
32
31
27
141
141
137
14
139
28
15
13
13
168
19
178
186
186
164
165
187
173
173
184
76
205
205
76
76
218
51
208
80
212
212
210
209
52
216
216
215
193
192
192
193
189
189
198
60
201
60
201
197
197
59
59
59
59
202
59
59
61
195
195
200
200
81
200
200
4
95
96
95
99
99
102
102
91
91
98
98
98
34
44
92
44
114
35
115
116
116
116
161
162
162
160
40
121
153
153
119
120
120
155
155
156
39
156
157
154
112
112
113
111
158
113
130
130
145
145
145
129
129
128
128
146
88
130
86
86
152
149
148
148
125
126
126
84
84
85
73
73
103
103
25
68
25
25
24
7
20
22
21
22
176
166
182
173
183
1
1
69
170
208
55
5
80
79
79
78
63
62
62
197
197
3
3
66
196
202
56
56
81
36
82
97
37
89
70
117
130
84
84
151
126
127
127
83
71
68
135
105
172
80
96
118
118
122
122
119
163
163
163
153
120
154
67
67
147
151
127
127
127
123
127
72
68
17
16
9
171
171
74
69
69
175
175
174
179
22
183
220
110
18
16
177
177
213
65
64
64
33
33
57
57
49
42
93
42
43
159
41
159
163
124
71
71
8
187
174
30
181
54
54
207
217
217
214
214
214
215
46
46
101
101
45
114
160
160
6
6
38
111
131
129
87
67
86
150
125
72
125
151
2
191
190
190
194
194
194
194
199
66
58
100
100
100
102
47
48
90
92
89
94
115
122
162
87
131
131
85
123
127
83
72
68
105
74
10
75
75
75
70
70
112
111
108
108
219
219
219
220
212
220
77
77
77
119
121
38
86
151
