4
2
8
27
19
3
59
60
17
43
44
57
45
15
18
15
10
7
58
55
14
11
56
16
9
61
48
31
49
32
53
54
37
39
33
34
21
64
65
85
62
74
75
76
100
101
102
107
108
125
344
92
90
91
356
356
89
357
358
351
352
349
375
397
395
396
384
377
377
393
393
341
50
41
28
42
46
47
40
23
38
24
68
25
26
66
103
78
118
116
111
119
123
120
120
93
88
359
360
86
87
355
342
388
379
390
390
392
391
343
368
368
371
338
337
337
340
370
370
319
323
328
324
311
312
312
295
296
294
293
308
294
293
297
310
306
301
301
298
302
303
158
165
167
168
169
175
173
173
140
138
143
142
142
126
135
151
136
152
242
132
133
134
130
239
240
241
232
238
216
225
225
226
222
224
289
290
283
280
285
278
273
274
274
276
270
275
272
263
264
269
267
268
253
250
256
257
244
255
261
259
248
181
182
180
180
187
193
194
183
184
188
1
1
6
6
29
5
30
29
73
346
105
106
104
109
112
117
124
122
94
330
331
79
77
386
394
332
373
372
372
369
339
334
336
325
326
156
157
314
309
307
304
305
299
159
160
161
179
144
149
131
265
192
190
196
197
204
204
205
208
211
20
12
80
374
166
231
229
228
228
236
218
219
220
227
284
286
254
254
245
201
203
203
209
206
198
213
213
71
72
63
83
84
36
81
82
114
115
99
97
110
95
380
35
69
70
113
113
389
335
329
327
291
292
162
163
176
128
145
129
127
234
243
233
237
195
210
210
345
121
96
361
98
381
381
376
353
350
364
365
366
367
177
178
164
164
137
154
235
235
281
282
287
279
266
251
258
246
249
191
185
186
185
207
333
320
321
322
317
315
313
313
316
318
300
170
171
174
172
141
139
150
147
148
153
155
230
217
252
262
260
189
199
200
212
214
215
13
22
67
347
348
354
146
146
277
271
51
52
382
382
383
378
387
385
363
362
362
221
223
288
247
202
