1
1
2
4
2
1
10
10
2
8
8
10
8
2
2
2
2
1
10
10
2
2
10
2
2
10
8
5
8
5
9
9
7
7
6
6
3
11
11
14
11
13
13
13
18
18
18
19
19
21
61
16
16
16
63
63
15
64
64
62
62
62
68
70
70
70
69
68
68
70
70
60
9
8
4
8
8
8
7
3
7
3
12
3
3
11
18
13
21
21
20
21
21
21
21
16
15
64
64
15
15
62
60
69
68
70
70
70
70
60
66
66
66
59
59
59
59
66
66
54
55
55
55
52
53
53
50
50
50
50
52
50
50
50
52
52
51
51
51
51
51
27
29
29
29
29
31
30
30
24
24
24
24
24
22
23
25
23
25
41
23
23
23
23
41
41
41
40
40
37
38
38
38
38
38
48
48
48
46
48
46
46
46
46
46
46
46
46
45
45
45
45
45
44
44
44
44
42
44
45
45
43
32
32
32
32
33
34
34
33
33
33
1
1
1
1
5
1
5
5
12
61
19
19
18
19
20
21
21
21
16
56
56
13
13
69
70
57
67
67
67
66
59
59
59
55
55
26
26
53
52
52
51
51
51
27
28
28
31
24
25
23
45
34
34
34
34
35
35
35
35
36
2
2
13
67
29
39
39
39
39
40
37
37
37
38
48
48
44
44
42
35
35
35
35
35
35
36
36
12
12
11
14
14
6
14
14
20
20
17
17
19
17
68
6
12
12
20
20
69
59
55
55
49
49
28
28
31
22
24
22
22
40
41
40
40
34
36
36
61
21
17
64
17
69
69
68
62
62
65
65
65
65
31
31
29
29
23
25
40
40
47
47
48
46
45
44
44
43
43
34
33
33
33
35
58
54
54
54
53
53
53
53
53
53
51
30
30
30
30
24
24
25
25
25
25
25
39
37
44
45
45
33
35
35
36
36
36
2
3
11
62
62
62
25
25
46
46
9
9
69
69
69
68
69
69
65
65
65
37
38
48
43
35
